    probe.41.10
    {
          type                probes;
          functionObjectLibs ("libsampling.so");
          name                probe.40.10;
          interpolationScheme cell;
          writeControl       timeStep;
          writeInterval      4;
          fields
          (
              U
              T
              p_rgh
          );

          probeLocations
          (
              (5045.0   505.0   65.0)
              (5045.0   505.0   155.0)
              (5045.0   505.0   245.0)
              (5545.0   505.0   65.0)
              (5545.0   505.0   155.0)
              (5545.0   505.0   245.0)
              (6045.0   505.0   65.0)
              (6045.0   505.0   155.0)
              (6045.0   505.0   245.0)
              (6545.0   505.0   65.0)
              (6545.0   505.0   155.0)
              (6545.0   505.0   245.0)
              (7045.0   505.0   65.0)
              (7045.0   505.0   155.0)
              (7045.0   505.0   245.0)
              (7545.0   505.0   65.0)
              (7545.0   505.0   155.0)
              (7545.0   505.0   245.0)
              (8045.0   505.0   65.0)
              (8045.0   505.0   155.0)
              (8045.0   505.0   245.0)
              (8545.0   505.0   65.0)
              (8545.0   505.0   155.0)
              (8545.0   505.0   245.0)
              (9045.0   505.0   65.0)
              (9045.0   505.0   155.0)
              (9045.0   505.0   245.0)
              (9545.0   505.0   65.0)
              (9545.0   505.0   155.0)
              (9545.0   505.0   245.0)
              (10045.0   505.0   65.0)
              (10045.0   505.0   155.0)
              (10045.0   505.0   245.0)
              (10545.0   505.0   65.0)
              (10545.0   505.0   155.0)
              (10545.0   505.0   245.0)
              (11045.0   505.0   65.0)
              (11045.0   505.0   155.0)
              (11045.0   505.0   245.0)
              (11545.0   505.0   65.0)
              (11545.0   505.0   155.0)
              (11545.0   505.0   245.0)
              (12045.0   505.0   65.0)
              (12045.0   505.0   155.0)
              (12045.0   505.0   245.0)
              (12545.0   505.0   65.0)
              (12545.0   505.0   155.0)
              (12545.0   505.0   245.0)
              (13045.0   505.0   65.0)
              (13045.0   505.0   155.0)
              (13045.0   505.0   245.0)
              (13545.0   505.0   65.0)
              (13545.0   505.0   155.0)
              (13545.0   505.0   245.0)
              (14045.0   505.0   65.0)
              (14045.0   505.0   155.0)
              (14045.0   505.0   245.0)
              (14545.0   505.0   65.0)
              (14545.0   505.0   155.0)
              (14545.0   505.0   245.0)
              (15045.0   505.0   65.0)
              (15045.0   505.0   155.0)
              (15045.0   505.0   245.0)
              (15545.0   505.0   65.0)
              (15545.0   505.0   155.0)
              (15545.0   505.0   245.0)
              (16045.0   505.0   65.0)
              (16045.0   505.0   155.0)
              (16045.0   505.0   245.0)
              (16545.0   505.0   65.0)
              (16545.0   505.0   155.0)
              (16545.0   505.0   245.0)
              (17045.0   505.0   65.0)
              (17045.0   505.0   155.0)
              (17045.0   505.0   245.0)
              (17545.0   505.0   65.0)
              (17545.0   505.0   155.0)
              (17545.0   505.0   245.0)
              (18045.0   505.0   65.0)
              (18045.0   505.0   155.0)
              (18045.0   505.0   245.0)
              (18545.0   505.0   65.0)
              (18545.0   505.0   155.0)
              (18545.0   505.0   245.0)
              (19045.0   505.0   65.0)
              (19045.0   505.0   155.0)
              (19045.0   505.0   245.0)
              (19545.0   505.0   65.0)
              (19545.0   505.0   155.0)
              (19545.0   505.0   245.0)
              (20045.0   505.0   65.0)
              (20045.0   505.0   155.0)
              (20045.0   505.0   245.0)
              (20545.0   505.0   65.0)
              (20545.0   505.0   155.0)
              (20545.0   505.0   245.0)
              (21045.0   505.0   65.0)
              (21045.0   505.0   155.0)
              (21045.0   505.0   245.0)
              (21545.0   505.0   65.0)
              (21545.0   505.0   155.0)
              (21545.0   505.0   245.0)
              (22045.0   505.0   65.0)
              (22045.0   505.0   155.0)
              (22045.0   505.0   245.0)
              (22545.0   505.0   65.0)
              (22545.0   505.0   155.0)
              (22545.0   505.0   245.0)
              (23045.0   505.0   65.0)
              (23045.0   505.0   155.0)
              (23045.0   505.0   245.0)
              (23545.0   505.0   65.0)
              (23545.0   505.0   155.0)
              (23545.0   505.0   245.0)
              (24045.0   505.0   65.0)
              (24045.0   505.0   155.0)
              (24045.0   505.0   245.0)
              (24545.0   505.0   65.0)
              (24545.0   505.0   155.0)
              (24545.0   505.0   245.0)
              (25045.0   505.0   65.0)
              (25045.0   505.0   155.0)
              (25045.0   505.0   245.0)
          );
    }
