    probe.28.0
    {
          type                probes;
          functionObjectLibs ("libsampling.so");
          name                probe.28.0;
          interpolationScheme cell;
          writeControl       timeStep;
          writeInterval      4;
          fields
          (
              U
              T
              p_rgh
          );

          probeLocations
          (
              (19045.0   5.0   5.0)
              (19045.0   5.0   15.0)
              (19045.0   5.0   25.0)
              (19045.0   5.0   35.0)
              (19045.0   5.0   45.0)
              (19045.0   5.0   55.0)
              (19045.0   5.0   65.0)
              (19045.0   5.0   75.0)
              (19045.0   5.0   85.0)
              (19045.0   5.0   95.0)
              (19045.0   5.0   105.0)
              (19045.0   5.0   115.0)
              (19045.0   5.0   125.0)
              (19045.0   5.0   135.0)
              (19045.0   5.0   145.0)
              (19045.0   5.0   155.0)
              (19045.0   5.0   165.0)
              (19045.0   5.0   175.0)
              (19045.0   5.0   185.0)
              (19045.0   5.0   195.0)
              (19045.0   5.0   205.0)
              (19045.0   5.0   215.0)
              (19045.0   5.0   225.0)
              (19045.0   5.0   235.0)
              (19045.0   5.0   245.0)
              (19045.0   5.0   255.0)
              (19045.0   5.0   265.0)
              (19045.0   5.0   275.0)
              (19045.0   5.0   285.0)
              (19045.0   5.0   295.0)
              (19045.0   5.0   305.0)
              (19045.0   5.0   315.0)
              (19045.0   5.0   325.0)
              (19045.0   5.0   335.0)
              (19045.0   5.0   345.0)
              (19045.0   5.0   355.0)
              (19045.0   5.0   365.0)
              (19045.0   5.0   375.0)
              (19045.0   5.0   385.0)
              (19045.0   5.0   395.0)
              (19045.0   5.0   405.0)
              (19045.0   5.0   415.0)
              (19045.0   5.0   425.0)
              (19045.0   5.0   435.0)
              (19045.0   5.0   445.0)
              (19045.0   5.0   455.0)
              (19045.0   5.0   465.0)
              (19045.0   5.0   475.0)
              (19045.0   5.0   485.0)
              (19045.0   5.0   495.0)
              (19045.0   5.0   505.0)
              (19045.0   5.0   515.0)
              (19045.0   5.0   525.0)
              (19045.0   5.0   535.0)
              (19045.0   5.0   545.0)
              (19045.0   5.0   555.0)
              (19045.0   5.0   565.0)
              (19045.0   5.0   575.0)
              (19045.0   5.0   585.0)
              (19045.0   5.0   595.0)
              (19045.0   5.0   605.0)
              (19045.0   5.0   615.0)
              (19045.0   5.0   625.0)
              (19045.0   5.0   635.0)
              (19045.0   5.0   645.0)
              (19045.0   5.0   655.0)
              (19045.0   5.0   665.0)
              (19045.0   5.0   675.0)
              (19045.0   5.0   685.0)
              (19045.0   5.0   695.0)
              (19045.0   5.0   705.0)
              (19045.0   5.0   715.0)
              (19045.0   5.0   725.0)
              (19045.0   5.0   735.0)
              (19045.0   5.0   745.0)
              (19045.0   5.0   755.0)
              (19045.0   5.0   765.0)
              (19045.0   5.0   775.0)
              (19045.0   5.0   785.0)
              (19045.0   5.0   795.0)
              (19045.0   5.0   805.0)
              (19045.0   5.0   815.0)
              (19045.0   5.0   825.0)
              (19045.0   5.0   835.0)
              (19045.0   5.0   845.0)
              (19045.0   5.0   855.0)
              (19045.0   5.0   865.0)
              (19045.0   5.0   875.0)
              (19045.0   5.0   885.0)
              (19045.0   5.0   895.0)
              (19045.0   5.0   905.0)
              (19045.0   5.0   915.0)
              (19045.0   5.0   925.0)
              (19045.0   5.0   935.0)
              (19045.0   5.0   945.0)
              (19045.0   5.0   955.0)
              (19045.0   5.0   965.0)
              (19045.0   5.0   975.0)
              (19045.0   5.0   985.0)
              (19045.0   5.0   995.0)
              (19045.0   5.0   1010.0)
              (19045.0   5.0   1030.0)
              (19045.0   5.0   1050.0)
              (19045.0   5.0   1070.0)
              (19045.0   5.0   1090.0)
              (19045.0   5.0   1110.0)
              (19045.0   5.0   1130.0)
              (19045.0   5.0   1150.0)
              (19045.0   5.0   1170.0)
              (19045.0   5.0   1190.0)
              (19045.0   5.0   1210.0)
              (19045.0   5.0   1230.0)
              (19045.0   5.0   1250.0)
              (19045.0   5.0   1270.0)
              (19045.0   5.0   1290.0)
              (19045.0   5.0   1310.0)
              (19045.0   5.0   1340.0)
              (19045.0   5.0   1380.0)
              (19045.0   5.0   1420.0)
              (19045.0   5.0   1460.0)
              (19045.0   5.0   1500.0)
              (19045.0   5.0   1540.0)
              (19045.0   5.0   1580.0)
              (19045.0   5.0   1620.0)
              (19045.0   5.0   1660.0)
              (19045.0   5.0   1720.0)
              (19045.0   5.0   1800.0)
              (19045.0   5.0   1880.0)
              (19045.0   5.0   1960.0)
              (19045.0   5.0   2040.0)
              (19045.0   5.0   2120.0)
              (19045.0   5.0   2200.0)
              (19045.0   5.0   2280.0)
              (19045.0   5.0   2360.0)
              (19045.0   5.0   2440.0)
              (19045.0   5.0   2520.0)
              (19045.0   5.0   2600.0)
              (19045.0   5.0   2680.0)
              (19045.0   5.0   2760.0)
              (19045.0   5.0   2840.0)
              (19045.0   5.0   2920.0)
              (19045.0   5.0   3000.0)
              (19045.0   5.0   3080.0)
              (19045.0   5.0   3160.0)
              (19045.0   5.0   3240.0)
              (19045.0   5.0   3320.0)
              (19045.0   5.0   3400.0)
              (19045.0   5.0   3480.0)
              (19045.0   5.0   3560.0)
              (19045.0   5.0   3640.0)
              (19045.0   5.0   3720.0)
              (19045.0   5.0   3800.0)
              (19045.0   5.0   3880.0)
              (19045.0   5.0   3960.0)
              (19045.0   5.0   4040.0)
              (19045.0   5.0   4120.0)
              (19045.0   5.0   4200.0)
              (19045.0   5.0   4280.0)
              (19045.0   5.0   4360.0)
              (19045.0   5.0   4440.0)
              (19045.0   5.0   4520.0)
              (19045.0   5.0   4600.0)
              (19045.0   5.0   4680.0)
              (19045.0   5.0   4760.0)
              (19045.0   5.0   4840.0)
              (19045.0   5.0   4920.0)
              (19045.0   5.0   5000.0)
              (19045.0   5.0   5080.0)
              (19045.0   5.0   5160.0)
              (19045.0   5.0   5240.0)
              (19045.0   5.0   5320.0)
              (19045.0   5.0   5400.0)
              (19045.0   5.0   5480.0)
              (19045.0   5.0   5560.0)
              (19045.0   5.0   5640.0)
              (19045.0   5.0   5720.0)
              (19045.0   5.0   5800.0)
              (19045.0   5.0   5880.0)
              (19045.0   5.0   5960.0)
              (19045.0   5.0   6040.0)
              (19045.0   5.0   6120.0)
              (19045.0   5.0   6200.0)
              (19045.0   5.0   6280.0)
              (19045.0   5.0   6360.0)
              (19045.0   5.0   6440.0)
              (19045.0   5.0   6520.0)
              (19045.0   5.0   6600.0)
              (19045.0   5.0   6680.0)
              (19045.0   5.0   6760.0)
              (19045.0   5.0   6840.0)
              (19045.0   5.0   6920.0)
              (19045.0   5.0   7000.0)
              (19045.0   5.0   7080.0)
              (19045.0   5.0   7160.0)
              (19045.0   5.0   7240.0)
              (19045.0   5.0   7320.0)
              (19045.0   5.0   7400.0)
              (19045.0   5.0   7480.0)
              (19045.0   5.0   7560.0)
              (19045.0   5.0   7640.0)
              (19045.0   5.0   7720.0)
              (19045.0   5.0   7800.0)
              (19045.0   5.0   7880.0)
              (19045.0   5.0   7960.0)
              (19045.0   5.0   8040.0)
              (19045.0   5.0   8120.0)
              (19045.0   5.0   8200.0)
              (19045.0   5.0   8280.0)
              (19045.0   5.0   8360.0)
              (19045.0   5.0   8440.0)
              (19045.0   5.0   8520.0)
              (19045.0   5.0   8600.0)
              (19045.0   5.0   8680.0)
              (19045.0   5.0   8760.0)
              (19045.0   5.0   8840.0)
              (19045.0   5.0   8920.0)
              (19045.0   5.0   9000.0)
              (19045.0   5.0   9080.0)
              (19045.0   5.0   9160.0)
              (19045.0   5.0   9240.0)
              (19045.0   5.0   9320.0)
              (19045.0   5.0   9400.0)
              (19045.0   5.0   9480.0)
              (19045.0   5.0   9560.0)
              (19045.0   5.0   9640.0)
              (19045.0   5.0   9720.0)
              (19045.0   5.0   9800.0)
              (19045.0   5.0   9880.0)
              (19045.0   5.0   9960.0)
              (19045.0   5.0   10040.0)
              (19045.0   5.0   10120.0)
              (19045.0   5.0   10200.0)
              (19045.0   5.0   10280.0)
              (19045.0   5.0   10360.0)
              (19045.0   5.0   10440.0)
              (19045.0   5.0   10520.0)
              (19045.0   5.0   10600.0)
              (19045.0   5.0   10680.0)
              (19045.0   5.0   10760.0)
              (19045.0   5.0   10840.0)
              (19045.0   5.0   10920.0)
              (19045.0   5.0   11000.0)
              (19045.0   5.0   11080.0)
              (19045.0   5.0   11160.0)
              (19045.0   5.0   11240.0)
              (19045.0   5.0   11320.0)
              (19045.0   5.0   11400.0)
              (19045.0   5.0   11480.0)
              (19045.0   5.0   11560.0)
              (19045.0   5.0   11640.0)
              (19045.0   5.0   11720.0)
              (19045.0   5.0   11800.0)
              (19045.0   5.0   11880.0)
              (19045.0   5.0   11960.0)
              (19045.0   5.0   12040.0)
              (19045.0   5.0   12120.0)
              (19045.0   5.0   12200.0)
              (19045.0   5.0   12280.0)
              (19045.0   5.0   12360.0)
              (19045.0   5.0   12440.0)
              (19045.0   5.0   12520.0)
              (19045.0   5.0   12600.0)
              (19045.0   5.0   12680.0)
              (19045.0   5.0   12760.0)
              (19045.0   5.0   12840.0)
              (19045.0   5.0   12920.0)
              (19045.0   5.0   13000.0)
              (19045.0   5.0   13080.0)
              (19045.0   5.0   13160.0)
              (19045.0   5.0   13240.0)
              (19045.0   5.0   13320.0)
              (19045.0   5.0   13400.0)
              (19045.0   5.0   13480.0)
              (19045.0   5.0   13560.0)
              (19045.0   5.0   13640.0)
              (19045.0   5.0   13720.0)
              (19045.0   5.0   13800.0)
              (19045.0   5.0   13880.0)
              (19045.0   5.0   13960.0)
              (19045.0   5.0   14040.0)
              (19045.0   5.0   14120.0)
              (19045.0   5.0   14200.0)
              (19045.0   5.0   14280.0)
              (19045.0   5.0   14360.0)
              (19045.0   5.0   14440.0)
              (19045.0   5.0   14520.0)
              (19045.0   5.0   14600.0)
              (19045.0   5.0   14680.0)
              (19045.0   5.0   14760.0)
              (19045.0   5.0   14840.0)
              (19045.0   5.0   14920.0)
              (19045.0   5.0   15000.0)
          );
    }
